256
0
0
0
0
0
0
0
0
0
0
0
0
0
0
0
0
0
0
0
0
0
0
0
0
0
0
0
0
0
0
0
0
0
1074
1057
1042
1033
1145
1051
1066
1067
1090
1077
1068
1095
1098
1020
1090
1042
1074
1023
1106
1061
1025
1079
1113
1066
1105
1077
1031
1056
1012
1010
1068
1050
1048
1066
1035
1042
1067
1070
1090
1055
1057
1040
1160
1053
1039
1051
1070
1057
1047
1058
1032
1072
1035
1020
1105
1100
1006
1037
1106
996
1042
1060
1038
1050
1115
1043
1090
1058
1120
1053
1070
1075
1041
1108
1074
1004
1072
1028
1088
1067
1073
1109
1055
1094
1105
1106
1105
1033
1077
1082
1047
1036
1054
1043
0
0
0
0
0
0
0
0
0
0
0
0
0
0
0
0
0
0
0
0
0
0
0
0
0
0
0
0
0
0
0
0
0
0
0
0
0
0
0
0
0
0
0
0
0
0
0
0
0
0
0
0
0
0
0
0
0
0
0
0
0
0
0
0
0
0
0
0
0
0
0
0
0
0
0
0
0
0
0
0
0
0
0
0
0
0
0
0
0
0
0
0
0
0
0
0
0
0
0
0
0
0
0
0
0
0
0
0
0
0
0
0
0
0
0
0
0
0
0
0
0
0
0
0
0
0
0
0
0
