4096 3463 1404 3111 2144 981 3314 578 1915 526 162 945 3333 787 1124
1594 16 74 2672 1502 3794 3621 266 847 308 997 2341 2962 3141 621 768
2620 3623 2812 2826 2855 3546 1742 396 3443 1685 1800 2517 2749 3126
3690 937 2781 3272 3934 1548 3912 1119 2468 540 2282 590 2627 2613 1054
2827 2896 2027 433 2220 1755 1306 3430 2192 2121 1481 1675 2009 1271
2112 970 2859 1370 45 2112 3034 1052 3520 3452 1111 829 965 529 1380 532
3362 3740 3954 2213 236 3176 1549 1044 1799 1128 3356 3434 2051 2302
2108 1776 1838 1005 868 2807 491 2957 1527 1247 1801 3484 2317 788 430
2734 37 333 3181 409 2220 3621 942 2388 3182 762 2184 2901 710 2964 465
3899 2669 1556 2098 2450 2632 1558 2498 3593 3361 2249 886 431 1826 186
2736 777 1023 2603 445 1943 2362 394 3134 3863 2734 2866 2186 3138 394
474 2432 900 1775 3528 466 3096 1446 1613 658 3228 1247 207 700 2048
1022 1203 3099 1177 2195 503 3167 157 3046 2963 3451 2537 3881 705 283
2820 1419 722 1586 2214 2174 3818 122 2617 2437 998 1685 3663 3197 376
351 2451 1547 72 45 756 1008 199 3921 3148 2776 693 1779 1755 3495 1861
35 2664 1861 2984 2075 1897 1043 230 2272 953 1216 2903 1465 2638 3698
431 1023 2566 145 3637 2471 2228 2343 1931 112 1160 2426 2626 3826 3715
1728 2608 2381 1324 1606 2980 3154 960 1706 2940 2000 3225 3129 411 2338
3590 743 3067 3830 3325 2836 2101 87 581 2793 3616 3361 59 3226 403 1957
3859 1666 3527 325 3159 2803 1344 2421 2594 15 806 1765 2584 3737 1699
2959 3832 231 3650 807 243 2793 2893 1585 763 507 2721 3938 1839 3338
3911 2898 3509 3985 3975 2698 572 1631 597 1699 3145 2057 3051 1184 1024
311 3948 216 3742 2686 967 261 3802 1007 800 1014 3098 1634 347 2593 130
232 579 1737 1654 2884 2163 456 3764 142 302 216 3267 3025 3914 3038
3993 1812 233 2643 289 2525 123 3129 1489 1980 1981 2373 1531 3375 457
2004 1211 1751 3383 1908 1845 293 1520 3790 873 2683 354 1967 947 773
2735 222 3914 2803 2210 2236 3652 319 3818 2193 388 1692 2132 1579 1174
946 2484 2713 3030 968 2365 393 529 3873 1782 3285 3570 3950 3859 2950
2202 3568 2575 2718 3688 3408 1753 2272 2633 971 3881 485 2535 291 2549
3873 632 3126 1727 2970 1968 1485 245 1333 608 2832 3680 3825 3985 1508
231 876 897 2646 455 42 3008 862 2141 522 265 2008 831 2362 2172 2925
1560 3678 219 1122 1373 2314 3855 1475 1196 2982 222 2922 927 1525 3647
1462 2560 2181 2247 1190 2328 340 3061 3197 752 378 2622 3716 1387 2376
1199 329 2137 1382 3093 472 2575 483 299 1709 2689 1763 1869 1542 490
2799 1096 592 1341 1742 2304 773 3880 3046 2877 195 1857 844 1744 360
1189 1052 3429 3232 2395 1186 642 247 3668 3138 3495 3237 60 660 3680
1676 2524 2145 2601 353 3620 1511 2206 3364 2791 2367 3411 796 2224 2997
2227 2270 3417 1275 111 1261 3558 1527 2974 3492 1448 667 2625 2540 2235
1882 2789 1638 1749 1490 168 602 804 2751 1671 484 1714 672 2917 3150
1327 466 2455 290 3737 2690 1343 2072 1184 2686 3796 578 2332 3830 3020
2237 473 1541 2097 158 3816 2242 876 2487 351 2753 1328 3410 3527 2680
504 2817 598 1753 878 3576 2822 467 2692 841 906 2619 587 1420 898 397
997 636 119 3704 983 3619 1702 3290 2049 3848 2479 1865 1933 2400 2916
985 3179 1039 2603 1963 3958 3245 3958 2030 1027 3758 3068 3787 3459 486
2576 2205 521 499 1822 3330 935 64 214 1803 544 3158 1534 3326 72 2649
3673 1683 70 3072 530 3299 857 1377 2135 359 1502 2705 2684 3067 1665
2491 2572 517 1525 366 1265 2296 2297 3146 2992 3734 3990 1664 3187 2408
3227 3270 1172 1225 2228 3185 2916 3346 3039 2690 1197 1833 3297 59 851
2936 1129 37 1381 21 132 931 11 1489 1675 2182 1330 2323 1954 2399 1313
418 2666 1307 1232 2160 2259 2026 385 1130 1603 3675 946 3782 3769 643
798 2162 2626 2076 107 2177 3603 3521 3351 132 3173 1272 2653 3526 3320
2670 1395 3117 3379 1682 3451 47 1635 2427 996 736 2452 445 1739 491
3132 247 1707 849 3917 779 2542 2378 410 32 3269 619 112 787 269 2160
2361 278 745 2014 1379 243 1945 2726 751 509 2510 2594 2985 3600 3300
657 182 3870 1955 1590 1902 1842 1834 1849 2808 3080 2522 3424 1575 3247
2680 978 1555 2679 1796 3816 1548 227 112 3161 2003 2213 473 804 433
3709 2814 849 327 2706 1390 2023 3454 3571 2777 3412 1636 3145 56 3750
1285 1331 1960 1713 800 1131 1397 2567 3196 3036 3133 1664 2914 244 3150
3920 1860 2820 2392 3636 1985 3770 1740 2503 3959 1552 3219 3558 2063
2420 2279 2453 3845 3344 2963 2927 1651 949 540 817 3089 1880 3341 3197
2866 2628 2049 2842 3080 1265 886 672 2221 2598 1128 2936 1096 98 3825
3515 2541 3172 18 3713 541 3304 2358 407 2910 1010 3518 2087 125 3902
2378 2877 3328 2992 768 3296 2085 2077 1066 87 2231 90 200 1354 3565 388
2338 2162 3987 3496 1782 1580 1226 3233 2218 3019 1397 170 3998 1916
2116 408 127 1537 453 3394 3484 3346 3134 3337 3198 3994 1219 1682 3600
2646 73 607 409 1592 969 1719 2066 1273 3635 2662 2259 1204 2631 897
3009 2024 1356 1023 965 1484 979 2890 2993 2114 1414 1719 1491 3723 3209
3199 3555 1420 1254 1352 3140 1203 3517 1606 225 3020 1287 151 1759 1905
2125 3555 3165 3264 3426 3271 1965 1286 1622 564 2952 2450 1412 649 2867
648 376 79 1185 760 2043 2626 3916 690 1516 2550 123 3832 1 3722 3376
3161 2514 3682 2328 3013 11 3876 3350 2070 2427 1299 1741 2923 2664 366
1706 2911 1341 537 1734 2691 2511 1659 3069 2055 1042 2671 1474 460 2446
511 437 1973 2368 3447 1031 836 3287 459 2560 2616 243 88 2383 1651 3400
1707 1300 2222 3067 1102 63 3917 1223 3134 346 3036 800 1016 1199 947
2998 2063 1896 1457 781 2216 3444 2408 156 3518 1362 2542 57 1622 2778
519 3027 950 1825 1137 2162 235 3304 3576 3689 1724 431 3784 1461 3742
2165 975 1175 2095 1759 1090 837 2556 1883 2320 2204 771 3050 3493 1134
2071 1751 3144 7 1687 1888 1276 156 617 2383 1302 2309 1291 161 2982
3471 1032 297 3794 1893 2019 3678 2036 3590 1954 2310 865 2796 1691 2573
211 66 3091 196 593 1062 3728 2678 2923 977 2627 1376 2251 2374 1139
3515 2125 2296 3687 2620 2291 480 1772 2099 355 3776 976 2628 3548 3598
2856 1516 2562 2984 316 3097 3553 3757 1726 3393 1606 3348 2663 3799
3110 2926 3249 549 2357 119 593 1832 356 3028 1293 249 3141 1505 1804
2995 1368 3403 3487 3581 1941 580 353 3290 748 2433 1486 2574 3184 2100
3778 238 3238 3308 672 3205 1966 1953 3552 1533 2261 3819 2837 652 1229
3995 481 1144 1697 1781 2333 1506 2023 3508 1019 1544 1586 416 145 763
2764 894 2232 3960 445 575 2854 2 1442 68 3433 36 60 305 2181 1835 97
3720 3325 1290 2122 2340 2801 2796 519 2175 2705 3835 3844 2932 3328
3674 955 3044 3543 2413 3646 1574 669 3305 23 1091 784 3193 1808 482
3295 3194 228 3262 498 3713 2386 121 3053 3079 2464 88 2072 2252 1693
2967 3053 2218 3037 2290 1812 2548 430 99 2435 1315 305 1763 3876 3679
2898 566 3392 1259 505 3209 2970 3155 1314 861 2403 286 3429 3185 752
267 1211 1064 25 3719 3877 3569 907 3956 2850 2129 2717 1855 159 2408
555 2260 2001 387 3432 363 2440 1850 1830 1060 1361 2473 1222 2034 1688
357 2413 3413 1789 1379 777 2580 3612 3407 340 2239 3815 174 2565 763
3451 299 3522 898 713 735 2114 777 3703 1996 3724 2889 3121 3173 1185
2054 929 3650 1644 3959 139 1113 421 629 3036 3680 831 3380 1901 3396
3148 2676 620 1079 3207 3301 2751 1494 2459 3436 28 1765 2859 2796 751
105 1654 3840 1582 3608 1139 1182 1769 36 3816 2501 1613 1725 369 2952
2690 3551 3404 1175 3578 2611 2726 3541 3152 3575 3023 2824 872 1949 790
2475 3731 3210 295 3852 2349 2252 1481 980 2864 1942 2281 3205 1980 2258
696 1991 79 3345 2137 979 683 2034 3457 3268 3801 3591 269 2719 546 3645
1436 3818 3017 2483 3945 1273 1694 2766 2659 2854 2397 3348 2756 270 564
1529 1530 271 1878 1078 3019 3144 52 286 3507 46 639 121 2351 3504 604
25 2360 2245 2257 2770 30 3309 1676 1923 3792 2570 1703 3847 404 2225
485 2043 2051 1120 2661 3791 1070 781 3302 625 3484 2321 73 1358 2565
2039 394 2613 51 1477 76 1234 448 1454 592 3927 1543 1195 3272 2851 513
873 3059 100 1683 2340 585 382 3209 654 1721 656 2229 1869 1760 3934
2844 3926 3383 2097 171 3566 3523 165 1099 3437 561 1754 3567 458 1367
3465 3830 2771 325 2735 3969 2951 3459 749 689 902 3755 86 3777 1239
3735 187 805 422 2806 1749 1494 684 2043 2507 3750 2633 457 3637 1866
3448 3567 198 1272 3045 1361 535 2517 2508 3022 3769 18 270 2259 370
1304 2353 3354 3702 55 3209 378 1234 1785 2531 1264 1635 960 3950 30
3789 2079 1418 2155 394 1116 1443 242 3537 95 41 2508 2344 3746 411 2035
105 2437 835 1193 1994 1118 1300 1730 1819 2246 3705 1283 307 715 2771
2744 1330 3002 518 1480 1068 2507 2468 3131 3164 2673 1789 2714 1967 938
77 1105 3592 3305 1075 2638 3192 90 270 2063 736 2205 194 1052 3134 2648
1201 1198 3096 3806 1594 1452 1461 2904 225 310 1578 1351 3195 110 1031
1682 427 1202 5 2663 3148 2772 2790 3934 1446 15 2188 2914 1897 1064 322
3632 1720 3593 38 1127 1767 3380 2655 783 530 3353 1816 3266 625 3305
812 404 2116 42 3658 2738 2389 3502 2716 3067 229 3468 643 3134 2730 502
2014 2087 3766 3254 3518 3121 958 632 3906 133 780 3484 2390 2079 3300
605 692 328 1639 1558 2391 2035 1584 3558 766 3876 1155 1531 2127 2825
1117 2967 1872 1251 1528 1435 3624 2960 442 2703 3400 1112 2506 3311
2720 2328 3898 301 616 1767 2992 3476 1792 3076 2758 1603 298 3364 1151
2946 3075 2268 1110 3906 2737 3023 2196 1654 355 1965 3336 631 89 295
1155 3731 1178 3723 3592 2720 2915 1029 3237 1118 2705 2618 1828 2939
2733 3969 2469 193 1691 3022 2494 2936 447 2559 913 1017 3748 947 3637
2727 1915 3984 2357 1748 424 2818 3771 3578 1431 495 2768 1038 1529 138
3358 3779 1418 826 1950 3080 1967 1103 3397 3408 2064 1957 26 2170 2124
3746 2981 3390 1969 3760 2933 3382 1579 1899 37 1322 2314 905 2806 464
836 1749 1491 1128 407 3270 3974 1485 3580 291 1565 3949 263 2279 1246
894 421 2187 1150 2431 1381 2895 3887 765 3847 3411 3095 1278 1116 2174
223 2002 1925 856 1798 2717 3193 1019 3653 3620 3732 26 1165 1511 2652
2306 1186 1003 2012 896 781 2578 1801 672 1294 3827 431 451 2288 1135
1566 3610 1896 2783 694 1435 1167 1337 3480 3545 621 1389 256 3049 103
753 3275 2764 788 1616 988 1386 540 122 483 1005 2749 1201 1007 3295
1540 1428 1061 2930 985 2646 193 2990 1982 592 2956 3961 663 3258 3950
3260 1200 1416 1547 2364 2857 1136 2916 27 938 119 2827 2626 1240 1011
310 3069 1751 2380 1787 64 1870 2176 1146 3853 1889 1656 1572 1436 3289
1374 593 1088 3460 882 895 2776 46 3908 521 3049 894 3936 2697 2891 2164
2322 3543 446 576 3489 866 1543 2623 1333 1555 864 564 780 3117 2108
1353 3501 352 3800 1371 788 422 3543 468 2339 119 3928 624 1460 55 2759
1955 652 224 2802 1766 2718 1203 2986 3419 2474 3643 3983 1196 1270 2827
1203 3119 254 927 3073 747 835 2273 604 1384 2266 2930 1181 1857 1605
542 3317 1175 1306 1327 342 3607 564 2773 3210 2233 2841 854 3983 2339
626 1262 758 2282 665 517 3002 1546 327 3479 2642 2945 595 1233 2426
3319 621 622 408 1418 2482 1618 2601 3292 126 3316 3052 107 401 2938
2495 2141 1850 3323 838 1821 1830 1952 2888 407 2320 247 537 721 3838
2045 1408 1673 3280 2693 191 194 1329 1371 1827 856 3955 3707 334 3156
1301 2914 3007 2051 22 1277 935 1334 1675 1944 2698 296 3929 3798 61
3617 1450 1093 2954 2365 2040 1943 1407 1515 1513 1107 3742 192 2467 262
2227 3182 644 2076 2493 892 2867 1134 2518 3247 3515 3472 712 3654 1990
3049 1525 1675 1581 3048 2714 184 1636 567 3179 3122 1355 1434 635 385
2379 62 1812 2257 1107 2769 2111 1896 2129 3691 433 2815 1231 2893 729
142 2626 1052 3622 1872 3069 541 1754 3763 3289 1378 944 2460 331 797
136 3616 1135 1118 3987 2362 2317 794 1161 656 1401 3223 3158 2367 2513
2445 2008 2934 777 3130 1950 1543 3535 55 537 612 457 1751 326 3840 852
3239 1361 820 2237 1529 243 1326 1351 2623 2110 1202 545 501 900 741 928
1252 2298 1518 735 1805 241 2130 1158 3864 933 856 2113 3624 880 2008
2063 1048 1390 972 3385 2797 3138 799 2738 3577 1982 3297 3459 669 1850
1753 907 1211 2935 3421 3308 3204 2312 928 385 2477 3736 55 2174 1436
2320 2719 2453 3818 3533 1623 2112 3751 2990 2366 3090 2483 1961 3941
2265 82 2750 2962 3440 1242 3335 1656 1165 2668 2337 3176 1634 1995 555
2328 2077 2896 126 1040 3902 2665 3832 2895 432 267 1700 3118 2707 1342
2337 347 3022 2300 399 3687 3812 1865 327 2993 2566 2257 3439 3959 2877
3120 2630 2194 3234 1274 252 806 2632 3929 2563 3495 2290 204 150 1680
1153 3066 1208 662 608 3129 3968 963 863 2073 2381 3263 1258 3785 965
2440 747 3196 325 3042 1236 1233 3334 1599 297 385 2245 1107 1867 3199
2445 3239 2791 834 2272 3025 2632 1041 3308 2431 1196 206 3737 1075 2989
108 120 2978 1600 2694 2202 1685 1499 2703 950 177 1041 3306 1758 3506
3920 3175 2538 2838 603 3561 705 2082 2960 1878 173 1122 2864 1008 3140
3734 3831 2987 1158 1427 282 991 3570 525 1302 3074 3324 3750 2898 108
3748 2054 3982 811 3182 1747 1377 3760 152 567 2860 3228 1801 2987 2112
3886 1679 244 1164 27 15 2855 3729 1845 941 3875 2739 3939 1790 385 3281
1505 3721 175 3129 1136 922 2521 1937 1360 1993 1463 2158 1288 591 3053
2149 340 245 3863 56 623 3891 1916 329 639 2123 1008 2677 3912 731 154
327 1273 593 2672 123 2933 109 1081 2852 3912 2711 326 1889 711 864 1795
3837 2023 2189 866 1174 2662 1875 3566 270 3865 3161 2322 3377 919 261
3721 2625 3648 1942 3674 2067 972 1380 1374 1513 2084 3506 3161 3632
2055 3773 2559 1233 3073 3077 1282 2589 2264 1815 74 2499 647 1801 2907
1951 353 777 536 2406 1340 991 105 3265 1212 919 921 1409 1172 323 656
2492 1382 3722 2123 1943 681 3009 487 3818 1072 1594 1300 3649 542 2060
3149 2885 2601 2925 2839 2490 3409 3963 1159 132 1411 2685 1430 3038
2028 3086 1341 1305 173 3233 2049 2406 2737 1164 36 82 425 663 1784 3953
1585 1011 3398 109 1444 2889 1047 3834 3259 2367 896 2490 1268 1487 3590
1172 2811 401 2024 119 345 841 3345 1064 2001 2937 833 489 1107 3439 154
3294 379 3954 3263 2224 2694 22 2652 1613 892 1633 3238 59 1968 681 1368
3650 3651 3896 1518 1457 2965 1460 857 3650 1383 1969 2195 1809 3672
1367 103 2405 1376 739 2042 2672 3945 2755 286 3035 2153 2052 3237 931
700 3944 3478 2757 1807 3029 1391 2136 3531 3964 298 2844 1497 1772 3397
750 539 2153 384 1309 3047 756 908 1616 1215 1429 3854 3177 3920 1824
1177 3243 241 2302 3887 3203 3332 1063 1810 2660 1659 2311 335 464 1320
2534 397 779 1566 2871 3893 1033 3093 1177 2318 2523 2277 2519 3803 3962
89 3655 1955 1970 2877 2194 3438 3255 1427 3432 1309 2826 3466 3573 112
142 1870 307 2501 684 3849 1061 2410 3520 1350 2631 701 3708 3155 334
2125 3821 3756 3002 3059 2377 3949 2931 602 2616 2234 3638 3431 61 1105
1399 1518 1788 3464 1718 798 2360 2510 2753 2952 235 667 1736 275 2926
1091 2384 1460 336 3159 1680 1246 3009 772 852 1521 667 203 2576 3853
736 3076 3794 2951 3228 1473 2086 3027 2652 1132 2353 2943 3788 3621 119
1510 3074 1062 1702 1074 154 2044 2279 1306 3463 2657 2207 2611 2850 992
1617 2595 3459 2560 623 1320 3236 1494 449 543 1849 3662 2181 3677 857
3722 1142 3365 1151 869 1658 3039 1026 2843 1061 310 2769 3531 70 1870
2670 3988 2108 3080 3991 1571 3953 458 261 2254 3393 264 2110 3119 2571
1579 904 455 982 2344 3189 2805 1899 3534 251 2937 3866 1272 3703 2964
130 1583 1474 658 1537 924 1431 670 3999 2652 3500 3572 3354 844 1003
2110 2036 3974 3973 3916 1030 3130 1603 1244 3479 960 609 3226 700 3550
3968 80 1614 959 1020 5 2109 3693 863 3763 632 645 687 3328 1738 653
1269 3405 3934 2074 2873 989 2974 427 896 3669 439 1588 1401 281 1677
2605 670 3276 535 1969 2618 2568 3452 1627 1194 2813 2004 1792 1471 2336
3820 608 1553 742 1133 3817 1164 3385 2334 990 901 1152 2902 3557 3407
1389 476 3220 204 3846 1653 1601 3817 2270 3424 1066 1322 3804 3125 2821
2616 2252 3602 440 225 1377 2363 789 2310 775 3111 1363 3856 3021 3184
2639 1366 2559 2681 2976 1602 3947 1952 423 3189 1082 1530 3611 2519 155
33 2300 3633 3023 2524 1416 2715 1031 2169 1647 3307 2852 1731 1780 3553
2215 2058 3498 2734 3850 2036 3307 2523 2412 1814 624 2370 1991 1028 269
932 1612 1479 2589 2613 169 704 1664 3352 499 903 3232 923 604 2449 1591
605 2988 350 3815 2785 2687 2154 725 2848 3562 1125 261 2372 1581 783
3307 3703 3760 963 1801 3066 1344 2544 872 905 1253 2570 616 3188 3458
364 2856 3442 938 3075 2962 2284 1212 1297 550 2164 3672 656 2884 2852
2712 132 2132 620 571 2218 2518 2295 3482 3758 3841 1298 2637 2960 1402
1172 3229 2978 1682 166 180 59 3673 803 1923 1326 2749 1769 3808 280
1493 3034 3059 2676 752 1599 2981 3814 754 2476 92 959 728 2374 2269 812
270 3483 3789 3717 1550 305 3342 3481 1012 2896 3163 2284 2170 1981 300
774 495 3565 1855 1069 1718 1786 2515 760 2648 176 1226 3121 2554 2696
1621 2621 1954 110 2850 79 464 1465 1540 1176 131 1066 2173 3126 3644
2616 2664 446 2135 3753 1005 897 440 1480 2088 3773 2269 2191 3079 2026
2984 1357 2319 341 1300 1551 2583 1090 3768 481 3954 3634 1449 1650 3603
2248 320 1745 1569 1560 2663 338 1679 3063 1488 3889 2076 1246 2542 1837
2680 776 3119 1530 1446 2816 312 1208 1498 2144 614 1139 2512 1425 2795
1830 225 368 945 3236 3700 2861 3548 279 1700 2293 3709 1029 1047 3692
3895 1187 3063 147 1019 1103 3782 2067 2689 483 3645 646 3883 3742 2746
109 3209 2032 3858 1545 30 1118 1094 321 1302 2203 1315 1337 2570 1708
3773 2609 1227 774 1966 69 2395 2717 1953 3350 1290 2185 792 1149 1811
1766 3608 1401 108 2496 3595 2350 2066 2929 2369 2236 687 2476 3032 2053
3154 210 2400 2195 2408 2321 2665 2465 3934 2403 2969 2123 1644 1035
1000 32 406 3843 3211 1173 2720 1733 3629 1458 118 896 2034 918 3047
2639 3140 2095 2356 744 3613 2568 3848 1514 838 88 989 154 3325 2912 960
1329 2377 1934 574 2862 2524 1614 1224 2553 1540 672 3004 2084 3826 2927
2580 1733 2007 947 3390 1930 2878 3549 654 2563 2370 674 1063 387 3762
3675 2282 3068 3294 1568 2190 3981 283 865 2152 2145 1324 3795 828 2267
2599 1699 451 2053 2379 3377 3714 541 683 1925 3893 3619 900 3259 53
2850 448 226 3775 3304 201 2024 2715 3224 2085 3332 387 737 2183 1834
3068 1218 490 101 606 1898 1187 2454 3496 2066 1893 3047 1303 988 129
2772 3734 476 3089 1634 2683 654 688 3416 764 3802 2434 2330 177 399
2614 2867 37 3759 1230 3813 3079 130 2611 3712 3031 2079 2701 3325 466
3012 732 1094 3166 3177 2045 1649 805 143 1326 841 3456 1565 309 1751
1359 2402 53 1627 3207 1433 114 856 421 2090 3603 2532 3624 2253 827
1557 1666 507 2709 1043 1330 3863 3415 3939 2765 2980 3781 2678 3447
1005 3764 1130 311 2176 155 0 1318 1642 1524 2546 1159 3545 2081 3999
2882 2689 9 211 2515 60 2618 1134 3002 2217 11 3494 1906 3067 1820 2543
3173 2133 3313 391 292 2905 1486 2691 3986 2750 3002 3225 2747 2342 675
3082 2965 356 2778 1466 3622 434 2176 1621 2651 2586 932 3824 2586 1424
740 1276 328 1313 3156 3689 2976 3252 599 472 503 3393 323 1334 2121 711
1868 999 19 3471 3031 1380 1084 6 3898 3052 868 2856 1145 3219 2231 2856
2439 787 603 595 2436 2132 3697 2933 3956 182 573 1001 1457 2149 3368
393 2277 3702 1026 2506 1724 191 1087 3489 2514 3771 1259 2738 2030 2888
505 3030 3197 3785 525 3787 2861 2430 2347 2789 3910 3284 3583 1436 3174
137 3193 302 3458 1919 1954 162 255 284 3935 45 3401 86 141 3678 3879
2929 3135 3489 1092 2216 636 3310 1616 198 2697 2836 3646 1863 2036 2627
3088 917 3346 925 3246 891 1900 3945 747 3443 925 2158 2265 3653 1547
2620 3705 3910 2803 1960 250 2054 912 197 3828 641 3896 3453 3678 3439
1584 787 3452 2058 2312 2527 495 1933 887 3614 653 466 2267 394 3286
1058 2537 2483 1061 3201 1496 934 1771 3609 3235 1789 3948 1646 2693
2027 3342 1382 3588 3307 2560 1319 2057 629 3078 724 3794 2326 1024 3883
1920 909 442 701 2111 1536 208 3644 1323 164 2671 2305 2192 3297 403
2453 1343 3555 1697 1655 3720 629 2504 3643 1198 1651 3036 3628 3041
3199 3668 2251 2787 28 1641 1028 3130 3811 334 2059 3766 1906 1695 3024
2114 3411 2052 2744 945 1477 2759 3004 2029 695 1418 3389 1873 3131 1537
2552 1010 2455 994 2237 2236 3778 1777 1769 1542 3060 2620 1716 3323
1406 2612 1312 804 2088 2308 2480 965 2854 1867 1912 2953 315 1068 2132
1855 3141 2323 3424 3157 2579 3292 1584
